expoente_cissalhamento: 0.00031829796129282333
perfil_vertical: {10: np.float64(6.971986229072289), 50: np.float64(6.975558758790689), 100: np.float64(6.820486040679214)}
